0.0157381
0.0158544
0.0158678
0.0158876
0.0158262
0.0157278
0.0156487
0.0155516
0.0155389
0.0155304
0.0154475
0.0154838
0.0155253
0.0153739
0.0151867
0.0152071
0.0151098
0.0149175
0.014678
0.0146264
0.0145533
0.0144535
0.0141848
0.0139472
0.0139029
0.013931
0.0137353
0.0135467
0.0134574
0.0133083
0.0133494
0.013273
0.0131444
0.0131672
0.0130657
0.0127886
0.0127431
0.0125832
0.0125848
0.0124418
0.0124777
0.0125006
0.0123625
0.0122296
0.0120145
0.0119611
0.0119981
0.0120426
0.0119654
0.0119846
0.0120383
0.0121502
0.0120065
0.0118693
0.011912
0.011943
0.0117494
0.0118294
0.0117092
0.0117442
0.0115959
0.0116084
0.0116562
0.0115683
0.0116053
0.0116114
0.0116261
0.011667
0.0114925
0.0115121
0.0115139
0.0115545
0.0115914
0.0113435
0.0113456
0.0109619
0.0109927
0.0110268
0.0110359
0.0110508
0.0110784
0.0111139
0.0111478
0.0111686
0.0111789
0.0111922
0.0112266
0.0110103
0.011029
0.0110557
0.0110709
0.0111415
0.0111355
0.0111585
0.0110619
0.0110657
0.0110968
0.0108299
0.0108433
0.0108777
0.0108592
0.0107248
0.0107278
0.0107341
0.01074
0.0107623
0.0107678
0.0107841
0.010804
0.0108139
0.010829
0.0108798
0.0108969
0.0109137
0.0108866
0.0105631
0.0106114
0.0106203
0.0105886
0.0106001
0.0105794
0.0106087
0.0106268
0.0106536
0.0106918
0.0107023
0.0106892
0.010703
0.0107063
0.0107376
0.0107614
0.0108202
0.0108267
0.0108247
0.0107993
0.0107976
0.0104567
0.0104766
0.0104943
0.0105113
0.0105295
0.0105282
0.0104939
0.0105221
0.0105645
0.0103379
0.0103487
0.0103569
0.0103656
0.0103907
0.0103536
0.0103511
0.0103693
0.0103738
0.0104142
0.0101722
0.0101731
0.0102115
0.0102188
0.0102257
0.0102451
0.0102462
0.0102532
0.0102759
0.0102951
0.0102511
0.0102636
0.0102793
0.0102852
0.0102903
0.010289
0.01032
0.01033
0.0103451
0.0103637
0.0103023
0.010299
0.0103189
0.0103266
0.0102241
0.0102247
0.0102261
0.010254
0.0102789
0.0102977
0.010323
0.0103163
0.0103633
0.0103402
0.010336
0.0103474
0.0103637
0.0103366
0.0103395
0.0103694
0.0103787
0.010383
0.0104093
0.0104086
0.0104158
0.0104528
0.0104671
0.0104717
0.0104815
0.0100041
0.010014
0.010018
0.0100296
0.0100531
0.0100609
0.0100692
0.0100852
0.0101211
0.0101417
0.0101496
0.0101306
0.0101534
0.0101221
0.0101091
0.0101082
0.0101142
0.0101425
0.0101424
0.0101465
0.0100826
0.0100893
0.0100876
0.0101114
0.0100867
0.0100893
0.0101022
0.0101455
0.0097843
0.00978838
0.00979837
0.00980319
0.00981928
0.00982366
0.00983501
0.00982666
0.0098262
0.00982619
0.00983632
0.00984866
0.0098526
0.00987987
0.00988799
0.00990099
0.00989514
0.00989748
0.00989924
0.0099399
0.00995365
0.00996278
0.00997993
0.00998646
0.0100034
0.0100125
0.0100045
0.0100159
0.0099131
0.00992647
0.00991644
0.00992619
0.00993383
0.00994755
0.00992923
0.00992959
0.00993578
0.00992863
0.00993755
0.00995959
0.00996152
0.0099832
0.00999879
0.0100121
0.010017
0.0100201
0.0100019
0.010004
0.0100076
0.0100138
0.010011
0.0100261
0.00996227
0.00996501
0.00996414
0.00997768
0.00999161
0.0100048
0.010006
0.0100456
0.0100556
0.0100553
0.0100632
0.0100636
0.0100692
0.0100572
0.01008
0.0100845
0.0100859
0.00998338
0.009988
0.00999712
0.0100037
0.0100057
0.0100135
0.0100162
0.0100325
0.0100495
0.0100695
0.010072
0.0100692
0.0100707
0.0100673
0.0100698
0.0100931
0.0100989
0.0101169
0.0100347
0.0100344
0.0100078
0.0100065
0.0100142
0.0100167
0.0100181
0.0100412
0.0100491
0.0100658
0.0100542
0.0100578
0.0100663
0.0100751
0.0100684
0.0100751
0.0100737
0.0100722
0.0100988
0.0101143
0.0101218
0.00975553
0.0097554
0.00977493
0.009782
0.00979197
0.00979599
0.00980733
0.00980535
0.00980854
0.0098127
